802
4871 20
72701 66996 17164 98377 18945 83073 50357 17652 68337 58146 55914 11543 2030 10014 42134 52743 29616 79041 12492 920
4705 17
27498 66365 95102 33664 26982 58350 37941 19051 9691 46654 71928 15961 28939 51664 24661 29112 92431
1949 20
63589 52845 46254 71256 82966 77607 18968 41367 99686 75188 1416 2883 96757 7767 5658 98832 29512 99572 21318 24096
1634 15
36241 69902 42058 48779 87092 15323 90605 2981 75776 774 18305 24468 5282 57740 34392
1161 11
31630 57095 6615 24904 50715 35684 17614 83258 41509 47289 45754
661 20
87312 25973 55860 32402 44823 46618 77606 26557 9112 15297 41272 48941 5110 15973 86001 83190 31489 49350 50977 66405
1023 15
30515 43370 27354 9084 10828 97098 55186 97587 89160 61112 99039 83452 85591 94739 51587
198 13
46140 38878 86139 3333 42091 37953 11316 36870 40934 19029 64023 9872 79943
177 18
859 722 41033 35086 74013 95196 45612 56541 68856 24856 63728 56212 79625 38787 32108 86060 58466 58838
18 14
29586 64396 80302 69057 52395 98878 35169 74125 73308 55842 75224 74997 56601 52255
3938 12
43547 16110 68684 37595 70893 83826 12180 75092 20791 59885 92820 38662
2380 12
11550 12664 37395 11146 83028 29106 75099 90457 6118 96137 42369 65802
1864 14
96511 35086 43957 80808 33943 78112 54703 30623 46864 52248 94551 18625 34568 22717
3679 17
15648 54193 49586 30290 23169 32628 73279 39446 53944 43919 20209 73820 33897 64846 91484 77953 8895
4460 17
25169 35789 82131 42973 21702 36327 56836 12804 69675 95798 51201 43208 8319 96436 54694 98425 76084
2415 15
42484 74055 83554 36089 86608 94287 17962 27490 46548 95638 45738 53402 17257 4557 80257
4074 20
71391 66165 22232 47160 39999 33235 40629 87003 87243 60749 92803 95431 31062 7282 95481 15039 87114 99133 75565 2184
1356 20
74656 98328 7850 89796 73445 49706 77787 74453 83283 13975 40507 15920 52190 1718 57786 66975 56979 70779 61543 63860
1004 12
71759 77426 19231 87426 24346 62479 71234 70011 40950 2399 99535 7509
4193 12
58278 49397 8596 24403 97482 29869 16068 99564 34675 82470 51587 52011
2737 19
25708 89450 87118 9560 77444 1780 43703 31512 3905 46156 78710 13839 80130 35484 3325 40330 64827 78758 33748
752 17
72792 55619 81483 30917 93744 61302 91548 39254 18064 43031 70551 12133 16350 31700 28446 94303 26416
555 17
79265 52560 52206 26049 11256 35007 67932 57518 83947 47424 29929 13054 28172 81758 37310 29340 22635
4059 10
19054 36425 23918 86716 3166 95569 12229 62569 50230 88056
2044 20
71861 63471 2766 34336 27066 84863 64546 63723 39554 7230 92294 25945 69029 89068 90947 29958 73699 59429 69976 79761
587 12
53810 95174 55872 80208 43069 79343 56129 9451 5159 73207 14665 89899
4924 18
66609 66749 92541 13354 33792 93078 6532 21951 66797 71417 59614 48782 99110 87012 44645 56151 44115 59889
3953 18
64015 51407 15550 8169 64680 19290 28280 54495 11603 32155 88667 38261 78057 80813 66720 5704 95955 95826
627 20
13907 39432 92874 41993 61874 94802 47618 46427 60962 49106 74570 6016 52170 60226 38799 20137 17668 76493 75802 18989
2652 17
67212 81516 63606 63502 65701 65834 9734 76209 91425 15734 48851 65446 31093 44178 89908 22805 46407
2882 12
78934 34082 24478 7897 54090 6626 16292 34255 83698 130 48828 65860
1045 20
21886 43439 41485 87873 49560 38313 20566 54028 29992 25087 44114 39892 91949 95978 20595 63622 17105 90560 56316 77344
2754 18
65303 65435 60594 81834 4700 70011 52108 47424 64036 69218 35310 71756 63882 51675 64367 86571 98693 64840
3428 20
36727 87468 71379 28439 88298 51354 49856 69864 56796 47401 612 39161 44929 49358 63123 94797 53296 25787 61709 97430
1653 18
28629 28095 23427 98634 32573 29400 38343 96842 37098 57035 13447 53375 85842 93600 91818 94606 28621 94978
2541 18
98796 73929 41831 12444 14967 79040 19302 23352 54239 43459 29965 25662 12038 32094 96147 5197 57554 59039
2939 19
94255 34818 11719 71221 38351 20079 45175 86735 58811 44832 49061 21792 82135 48044 60020 83578 43139 92297 15294
3548 11
43615 72581 49240 62046 18494 40089 7620 15037 69461 85798 98495
479 13
95650 31568 15780 90023 4191 98692 77731 65438 9176 13011 70053 15992 95716
1351 11
19843 2942 36129 91501 28930 31055 21165 89302 36187 59813 47154
4592 16
128 2737 94241 66520 56565 22756 11984 99838 7033 73461 71248 22769 67041 62166 32609 50130
4386 20
74910 70149 63486 20278 1441 41768 8144 58984 51286 51559 76411 2757 55159 25605 81146 27770 55589 50686 41057 53983
561 17
25871 8987 97800 8806 95256 96955 74585 53763 51720 85188 62468 58923 81332 72772 99897 51002 97761
3854 19
23466 76913 55034 28893 23882 45850 2245 6534 84046 69562 28622 20817 92790 36681 34562 94929 32246 27739 80787
2942 15
5417 69898 62440 82493 6497 81564 98932 25245 39100 73004 23015 19722 90045 86813 54930
650 14
26135 60100 44740 88226 68345 59551 33694 61008 78383 4701 68353 18275 50898 78483
2786 14
7537 38790 10714 27246 72419 25368 34993 29626 15562 53376 88803 55427 99560 37310
399 12
92949 44405 16700 83483 72616 86560 58319 59660 5660 36203 5704 55849
1283 18
50561 34956 30634 61184 45905 18667 78912 43971 38825 99157 89194 9751 29280 21454 87663 96458 65797 18163
2017 17
23740 5622 76967 17264 59125 67785 57327 94563 20243 3036 8443 75426 62087 74179 29367 97604 14595
349 20
97265 59352 49971 99807 93253 18167 39545 55168 17897 10212 92378 34171 73350 87536 83215 20469 45706 71808 64201 56492
4138 19
55497 68663 45568 92204 16048 45495 59332 96595 57000 67693 57207 74424 34073 37046 17444 41421 7028 97831 6958
3612 10
74097 75570 60652 12164 22854 26970 94125 15834 16598 25134
2346 11
2355 3616 75265 90784 33916 62638 23022 90132 22001 5214 38852
820 19
52153 44633 86250 97361 27479 81969 88971 26664 20672 8452 44370 60338 82097 83119 66360 17999 30251 54419 9376
4112 17
46917 88453 7423 68058 67144 8516 572 49884 30218 27645 8967 65305 20577 72854 35584 13957 95395
4758 20
94218 23928 61417 26076 71749 99010 37923 4552 63986 54287 74497 84347 47525 24709 33654 2686 92408 41803 2051 91216
3483 19
42098 82304 87119 37523 94004 18848 94901 909 90279 11010 1098 91934 69536 72828 51336 88637 30642 87024 38455
4589 18
68905 15019 21652 7474 16290 37167 13094 57543 96842 65364 42443 85547 25544 96657 35659 60847 69690 63137
1967 15
82135 40595 44470 40905 86026 33135 58156 43927 92869 73638 5236 11981 26335 43534 8369
2312 16
57537 96364 85350 13730 81542 52696 91794 49408 13823 98469 94581 71048 28085 59775 36522 68329
806 13
2074 71891 59283 91541 61355 77280 25022 43249 81762 43442 93536 82846 68168
2904 10
55723 42921 54135 43181 91335 27446 94923 19713 60058 31835
2469 10
57522 27590 9735 1645 87765 87022 67973 60170 44522 97430
667 15
49708 42355 6535 42870 4430 6330 92353 6328 85898 84084 1529 76211 65505 28636 37390
1659 14
50300 60276 55938 75181 66551 56181 6279 17025 43695 42808 53843 35568 19804 76475
92 10
76538 20672 57354 23932 37274 42710 9131 33545 87154 73669
4439 18
75771 91600 65954 75100 39744 6785 99588 42593 20796 13903 40174 72389 24579 9881 10386 54368 30114 11204
1617 15
29606 19774 90550 28758 91605 29324 26184 47934 70432 93865 3912 91056 59984 2333 77589
414 20
55000 58203 57632 61099 134 67594 12491 72431 82540 75477 11876 43849 78367 4391 98692 3857 30257 47195 13209 35170
3981 14
24824 53195 16378 34633 47001 4900 11556 28564 21890 29189 51948 8408 29157 15513
81 12
31915 10508 50891 44840 40496 50496 36541 46586 62136 83633 13133 84897
1229 14
63469 50904 76472 8896 79616 69387 90096 79141 52749 60936 89893 11142 42863 11794
1642 12
60189 33251 39035 40340 27676 80174 60376 3529 44640 32091 28992 90029
2276 15
53887 50057 22235 60061 28198 40974 80809 39529 88880 43859 16594 83080 59168 75298 49600
3944 11
72868 340 31687 24737 39648 64848 20268 31866 71849 45395 21773
115 10
96238 50746 5443 60419 76397 58775 99249 55235 44635 15264
3091 15
33875 33403 57247 24479 5660 37800 8607 11278 64373 90370 78266 50612 86977 29249 30466
2440 12
44569 95859 29022 51054 32503 52280 38466 17250 95621 273 48961 36019
4709 15
99015 17018 83375 21958 99818 2618 95146 47659 32335 23260 2950 5092 56521 48454 22896
2732 14
48868 34513 32601 45352 60437 61549 30026 16158 58308 55683 98643 12612 96872 17453
3025 16
14804 25569 89152 2813 39219 75910 12837 10714 16177 13068 78860 795 62511 23992 33754 78581
4395 20
97933 94303 78663 12772 93784 90725 93942 82899 14023 77725 48010 69050 91851 9978 84928 91034 19596 80554 66605 68609
2819 16
66875 70051 30728 37410 3543 43189 43177 11173 75810 94870 73219 84230 53398 49564 37738 84131
462 16
29109 88288 72407 36094 76817 73681 84319 31505 45164 96865 36722 11995 92412 82077 65678 12322
2863 10
11046 855 58684 30562 99870 19056 70638 51663 72313 95997
3967 15
3934 37839 89256 82439 37267 16002 9551 58643 98150 5029 81836 78523 65345 45867 78743
2143 12
17145 21511 98833 86761 28330 15678 34395 79592 21501 18889 67372 87144
906 12
60103 11604 24241 75208 36627 28069 44052 87150 51287 73612 46263 2770
794 10
19564 14396 19740 64596 19230 81411 26937 9991 74291 94453
4319 12
67521 5288 24612 31577 61789 49885 88250 28815 83203 92950 7365 64662
2138 13
59919 59528 4045 25805 37049 5474 49068 1663 76670 15015 70282 20154 43595
141 10
27534 33554 61373 37098 21027 84401 11061 42032 52135 1616
4893 12
93129 45773 29853 30105 28005 96674 37160 56984 30989 4774 77511 75560
165 19
33518 91426 82111 77458 88798 81958 57068 29967 56855 51720 78531 77356 6338 78600 37089 76135 70232 28355 71402
2548 19
84796 57484 47803 4499 86674 75343 74100 32195 27691 45656 79523 32726 33891 94111 13294 52917 28728 55805 86711
3525 19
90138 97816 33222 99793 53202 54655 39839 26248 80204 22992 5122 11729 60690 72796 4701 89782 28338 88124 9648
3991 19
53412 84748 47613 74394 63001 20429 49440 89303 18276 59533 60091 14943 965 19820 90156 13418 46311 14661 76039
2994 17
61227 42543 92299 48952 95636 63097 30713 89280 28101 79064 8702 1889 92873 43842 50273 10665 18592
4979 15
52458 98510 68539 18678 5945 77280 17766 57151 9990 37300 82888 52596 34099 55331 69293
1427 11
36020 8827 75006 40047 7576 87619 82504 86916 56741 16915 98986
322 14
47789 96607 24630 52127 11553 6746 22915 98762 65870 37233 26229 41345 86071 72500
3794 11
75484 2033 61049 73939 77809 64506 9590 20429 90603 59590 67482
4037 15
90516 54646 25943 15345 14868 98773 56820 84441 81436 79528 10238 57868 47427 37484 36940
3546 10
46983 46370 83879 92353 76616 29226 55898 46114 55536 84271
4847 14
16173 86820 11089 81475 28196 43682 43770 49101 78893 2851 15764 18218 39814 85766
3742 19
93305 98741 12235 53473 10046 22010 39609 57230 70768 24138 38515 40542 19787 34927 43408 45008 38617 27890 90056
1985 20
52897 79703 17474 61947 77460 55034 75766 36762 12654 53075 21898 46771 21711 72046 15175 50199 44967 71188 21684 85728
4563 15
77888 33076 13028 60440 23443 89260 57610 34839 9803 50753 4685 98262 77153 72835 90525
205 18
17610 66489 22789 54398 15899 35266 89409 85922 67607 5036 36301 8895 64997 81965 59987 28752 38482 48013
1195 13
65784 61163 67451 12925 14934 79555 58034 81708 99673 60713 16525 34 9331
2161 13
8541 85231 29731 42313 54735 60933 35535 11177 27813 90603 33316 79403 77726
4626 16
27547 41373 31619 59185 93171 61425 5799 55430 47208 72668 40041 12639 47575 43299 5871 76669
2890 11
58072 8520 87869 60955 4120 64427 58257 55383 58129 59460 53382
1777 13
43822 18594 45429 77184 96529 93435 13881 89216 12658 90073 12267 45486 65113
220 19
53737 16920 15813 42679 92984 58268 27476 37332 48577 18369 80199 69313 90127 51537 33342 813 19587 17440 79410
4704 11
26048 11965 88817 47679 53376 46492 96939 79826 66137 14343 45187
1596 15
19531 76098 43430 29111 99733 25014 11141 30880 79620 75356 15116 2125 66979 60540 5745
2830 20
17347 22923 81508 24754 52506 62515 66058 11521 2816 27169 73779 3571 2023 69904 85802 50999 74125 43765 65030 93477
3726 14
28990 32226 98339 36631 85115 4363 64035 55052 60925 25619 19778 84645 64529 28561
2977 13
51874 3911 2309 12353 17198 15505 22277 59016 1255 26975 93384 55942 5806
69 13
84681 24952 61912 5808 35067 61389 11810 86023 51531 68154 65739 52387 92147
917 10
60729 59516 99771 29121 97211 44084 38274 85545 3449 33126
4330 11
6287 2290 97836 87042 80442 52496 60050 96206 71274 96715 72368
3229 15
43290 14939 99601 43248 65445 76434 74019 45081 60149 25510 9100 10429 35511 45433 96380
4380 17
66833 5229 61185 45042 20565 20263 43103 44273 21474 52213 46072 18963 11324 82752 93492 42963 38621
1996 12
15683 73587 67027 69113 34632 63868 24317 83088 30382 33775 40074 26562
2590 20
29997 42927 43951 58315 70859 5742 78111 34053 37688 83513 90452 45069 48875 54953 59603 97615 45635 81087 66541 24522
29 18
50056 80009 68691 12708 93750 33042 66311 69361 77682 68449 23600 69534 33336 99675 55674 97733 80532 77350
751 18
5449 51453 59538 70627 91075 92605 74094 15151 29854 15713 65399 94239 59492 33695 15535 275 41058 18471
2497 15
86828 17597 11387 80191 66535 95546 30941 90565 33888 89009 65230 81091 2357 10644 41298
3999 14
51204 13657 68419 98584 12382 87352 48817 56661 97302 65489 34483 3733 22678 77440
3134 20
78031 79014 51206 85767 66699 55714 76660 96407 35068 56152 34373 49408 85527 57795 76719 24736 48041 34939 67351 57609
2075 19
87118 70852 24782 41424 84055 92693 1448 49072 69430 38228 18122 86288 99139 68423 4859 39111 50393 39879 18433
180 20
56086 79716 87213 54866 97815 52970 53633 98128 20863 862 22770 71005 65750 35394 75870 31588 57753 3243 72660 84541
4535 18
69520 23752 96236 36600 58582 59703 17603 28816 81877 4879 25667 30949 77091 60973 7516 28322 57008 66425
2137 20
23019 88626 56949 64790 70379 37854 4572 46404 14704 70737 16397 75016 56775 93795 24477 23621 36726 44632 75376 26245
2610 20
48745 11071 71113 7820 48043 77032 30494 10458 1382 52297 39325 25060 89240 65479 66708 61304 4174 53356 74761 49113
2131 19
63610 30118 28303 57250 32293 40821 70660 39127 98680 5323 58267 60033 49793 83882 99241 4950 96117 35568 96149
111 14
97759 61427 20320 1692 55457 15253 45472 79430 1559 8792 38153 40466 78382 70445
3470 15
78132 20222 73037 88324 83206 77800 33836 56067 41087 44068 98740 23632 46955 72116 20558
3277 18
39549 39191 68496 18635 13431 94314 29145 60395 18984 32672 67204 15674 96648 19826 39314 30216 23432 4816
3852 16
60599 48069 77060 83839 30191 15380 72242 9965 38591 74830 53683 187 58777 40172 78232 77869
1899 17
54589 42150 57857 3380 1716 18414 23284 27669 38591 32672 9339 62989 60303 93748 20237 58204 25893
2110 14
51188 89707 34012 33033 21009 39568 1347 61289 26358 59501 86964 24868 91268 76856
1029 10
52505 7468 55391 64097 79024 25966 19794 15258 2582 90196
2991 20
44075 35481 82300 37044 71546 36568 5604 38343 11800 11897 16259 69656 3424 37961 80187 85266 90602 18985 60312 465
1927 15
25473 27236 23592 73243 77772 37925 32340 3347 33481 57500 23729 40567 45031 91736 86437
1109 10
14698 74628 70282 65141 25962 38329 61713 29735 83089 78813
3737 16
59149 84845 88312 85327 21489 12217 59688 70424 68991 47737 43158 12565 49181 43515 34756 21407
1868 13
23550 57376 68996 57160 62025 50201 96293 16181 7898 61130 11514 31924 26663
4101 13
8983 97993 30611 92118 65510 2013 840 58277 39838 16166 20012 65631 37650
1241 19
6017 30381 86125 34500 7283 22364 35438 90313 33262 67054 58465 99029 38480 31753 47856 32832 25953 64170 29536
3868 16
78867 45565 93556 14853 38492 36551 8246 35657 15483 79373 71860 48204 88866 20585 15235 77797
3550 14
59389 74796 44797 9428 77749 67059 61815 30761 62814 38174 60417 36462 25997 48062
2900 12
21725 15207 64218 51805 63775 314 5624 47321 71673 42158 8159 28661
2144 12
37470 18220 40437 83373 7776 62673 8888 59023 39234 36485 65933 2623
3719 16
26483 34807 98025 37449 38987 81004 80832 7953 23489 89283 74216 97039 94938 41713 90708 47367
3932 14
40438 29211 56522 59960 70752 77422 80363 76902 2929 50601 82149 64017 35609 49927
3631 12
40965 12851 34949 86143 66266 30548 64207 22869 90539 67343 59251 11774
4457 15
52833 48851 89928 43625 72866 39188 13166 87383 29944 72070 89588 90672 74825 10762 29127
4231 18
93013 7049 28 96225 52359 83453 90565 33514 48429 81509 17548 6070 21764 24035 26108 37715 68464 22830
733 19
49094 55817 39705 67770 76251 5837 92724 65928 74547 92955 80266 66261 86454 10133 27665 83833 13284 95415 79180
4170 18
1918 62164 22287 3723 21707 24690 52006 56800 78045 13380 39584 8546 62841 80354 61321 9654 83717 84045
2986 14
14964 32452 90172 9746 79125 6110 75541 18884 5536 36128 42996 16598 10776 94600
4506 14
48250 98349 63107 5368 69560 46480 32001 38358 39993 7121 9268 93152 88297 68459
4072 14
66899 82737 40813 72640 27998 20136 79313 45975 79547 82192 49199 68899 20232 24964
3148 15
20102 36813 41864 87563 23660 69943 95340 48541 21022 32967 23400 47631 87166 63389 71769
156 11
42859 13469 1251 65197 46885 47307 73296 20438 36043 15885 54977
1618 20
43601 59773 87687 81907 30016 16210 30245 89628 39408 37148 52505 2216 19733 59552 41190 98289 97250 36 27330 34808
1789 12
30775 20616 77689 79708 77289 39740 88868 84132 20399 13792 97752 69302
2664 19
96111 65434 52093 69525 91693 84514 57976 39531 70202 73448 47150 73485 47589 57718 31295 54995 60287 80596 30059
3597 20
90138 30212 37962 10118 82493 12667 11413 40462 73670 59146 44464 26650 43181 95110 55285 84345 90342 76133 15572 43268
2426 16
36818 47956 46011 26876 41980 20121 15831 79815 62386 51424 57164 80268 32695 6297 29891 83455
2798 19
36023 55073 5547 96876 39151 28463 13972 25320 90997 46101 24639 79291 74714 62930 7485 58337 2298 51701 3363
3694 14
336 35134 15275 71694 5169 8169 25839 51636 6270 23734 41072 18790 65797 73461
2119 16
12283 23288 93238 59456 45675 27592 40627 95209 4940 39745 84550 76818 88212 10162 34485 47154
3876 17
83254 60734 82329 48541 30773 32338 80512 61517 39365 74294 35264 39322 8714 61376 41615 96222 68830
4813 20
92336 56513 61968 1619 33141 4925 48889 70504 80961 53605 79227 94508 44893 33887 81110 40613 4381 80938 80023 46409
314 15
64337 22302 84531 10109 1523 93867 63165 88138 60167 59963 92456 64334 50012 44995 70539
410 17
58919 62165 41174 36890 80829 75795 51626 16982 47334 10196 88539 86274 65641 2155 97393 2897 78865
1711 10
86544 15797 27128 87749 67380 15318 45685 81455 77518 22263
293 16
89089 66807 74344 52805 21757 30919 35161 1378 87656 88008 23028 98159 32085 46410 19233 15322
3423 15
25385 39192 48157 33003 27132 4815 82192 88752 76678 84195 62122 26412 75475 58117 39312
72 19
91093 12452 52737 16099 4881 86298 63639 4102 78903 11162 46450 38635 60433 91784 89314 54942 59615 17698 48253
3211 19
57344 51082 45273 75480 33432 8863 2888 17693 93215 23753 87303 71341 61302 74216 890 21718 60062 80958 42423
1024 11
4972 82442 58408 38759 52032 24268 68426 20277 61721 22368 32114
2868 17
97267 14901 26426 82584 13782 74618 58064 28241 64559 62894 97707 77889 50956 93229 13959 68021 16062
4613 11
7768 17347 64159 61798 38373 69642 64138 4585 7670 81600 12729
3907 11
33825 92245 14146 25060 45631 27219 34950 58981 42943 39237 99279
1154 20
94666 10939 87964 89411 45281 44725 93107 78403 76263 13341 33886 68390 28816 38244 82830 4517 22384 36558 33249 21593
4397 18
22832 62566 58227 57816 70596 18659 1045 47282 78149 41856 27853 5263 63839 766 26663 10042 61075 88370
973 15
61097 64268 83999 92156 50798 67173 34780 92793 56535 6862 91042 18062 46139 94639 60779
3792 13
98249 1063 66718 52065 32753 92435 82939 8578 9826 52854 75482 1767 47166
3347 16
73455 63417 58386 63909 24924 39798 27081 56624 18047 46296 86885 73956 88907 67037 79488 42963
3593 16
86790 4356 97806 47659 56321 43069 25849 43298 67321 63730 63957 98014 54417 93767 34994 28053
2366 15
1973 15075 6938 31925 49368 65455 60684 51078 93864 78503 90125 1659 77114 39807 49331
310 15
53010 18449 83307 58340 47216 56999 91758 9345 2192 99948 27463 75665 22665 14930 17185
1342 12
14075 19315 86196 56297 34616 6330 57895 67961 63941 88043 74766 46270
3342 11
44990 96178 84123 39507 52081 72979 49654 9498 4931 9122 65979
520 13
13745 19502 61116 22444 110 41348 13982 63571 34091 81727 24213 30948 90702
2557 13
57927 64183 11910 88848 82808 41614 72443 36464 37269 36888 88147 12946 71911
2738 10
11467 87867 85669 90672 29926 99070 51020 60345 79375 80013
1661 20
61243 38934 54200 51298 99581 11558 148 85544 86486 31834 52131 63329 41620 24792 39745 78657 75322 24511 88907 35534
787 16
22951 87547 39007 44816 68117 18196 93804 65673 14260 28862 28770 28454 58404 56648 97031 26830
4803 15
42472 25838 10540 82890 88996 93237 38697 88501 31486 54173 4008 73946 64724 10665 81947
2235 19
90978 60651 94805 31664 19971 71171 75038 56327 91502 47269 95174 81026 34107 4980 65586 18597 91372 39343 24426
2565 14
77450 1581 60023 31243 90677 1357 13699 53394 45078 98761 92265 98444 67723 60170
1432 16
43667 4996 92158 71266 87873 63003 39998 44014 696 67751 26297 35888 1554 74840 39239 84417
4083 12
20469 16089 71983 43990 92141 50999 23437 17715 52309 3262 1959 67135
3246 18
16692 85337 65952 47320 65762 29981 78963 56250 57524 87941 64095 76156 92785 89760 60922 17174 41312 17430
3919 11
15819 40245 89941 69802 1184 4461 56056 90734 94347 21917 66590
2837 13
35309 50938 57761 42141 67662 99704 93926 43769 50798 60348 91512 94003 70238
83 15
28287 85294 43912 80483 41578 73003 13463 65409 96069 20825 31628 68141 83179 72666 17989
2655 20
69053 89725 68865 16138 5767 79903 18033 29910 57456 46808 78284 84924 64957 90550 33581 20397 81355 80016 83632 55319
336 13
4456 14879 20031 78480 4018 72530 708 35413 69547 33376 68306 45101 95097
1201 20
84256 91106 16196 8585 33482 78818 26759 63192 58677 99899 34078 33588 99331 28933 6471 4850 93111 48464 8851 66837
2079 20
65350 96654 10174 24382 9323 47464 60294 87813 22275 13037 49369 49627 3333 82091 72866 87837 81842 18985 87657 58472
3245 13
23154 16529 53768 16918 92454 12848 44312 38197 25424 59501 34803 13640 17762
1800 12
75484 51532 29997 62440 81760 97417 39404 24025 88329 62554 31341 37546
2657 19
32792 86839 83921 42175 46433 66936 86153 24266 67057 69036 14268 47663 70935 68893 29608 12476 20372 36709 60851
4951 20
58531 54317 60946 28703 97325 96872 47056 80866 94786 68640 84586 9077 81802 4648 83976 17051 99435 17168 60464 79988
242 17
45438 70018 78106 395 10820 43269 19002 48235 189 23468 36153 98978 86949 10942 20744 89742 17280
417 20
10368 60189 24763 35858 95889 15324 23860 94957 96586 47041 99685 6910 66048 1989 42052 54617 53611 93582 275 67351
4892 14
91660 11386 42322 99600 41906 50779 27342 67747 67902 92278 84002 62575 53588 23298
4277 17
88908 76576 21120 59812 1840 99806 93834 76239 15890 5683 87780 34590 41002 50526 43504 43436 46843
429 18
34658 65576 90776 16011 12563 97297 69309 74594 94069 46763 52052 74800 7651 50240 22388 9338 98693 4563
1516 20
86602 21851 68551 7187 28928 65931 74133 89052 25771 35392 54631 99725 38377 75545 93938 25096 26779 6026 96431 88346
2457 11
91283 36987 58821 24780 74588 8334 23508 77001 73007 36205 55480
1760 10
22422 5901 28953 39132 49620 82880 46805 58487 40929 14830
339 18
36061 52082 27942 17915 72357 77635 55575 19998 86688 88088 69372 34201 46187 37593 13498 42160 79228 43697
1960 10
13869 64186 30379 90691 63258 15752 67313 79988 35270 71320
1002 17
27661 53213 29363 9968 64128 61038 79194 49726 43863 38792 19564 45978 38278 75761 28160 51557 80553
3247 12
93744 94655 22884 7233 18090 90099 93240 66506 30501 81926 65871 32734
1348 17
73329 6111 53262 19371 9142 39422 81953 13098 90943 90465 56091 65834 55706 58518 10838 41574 27379
2722 15
91360 58239 63545 85352 89796 22626 75932 72772 91586 75712 30535 98911 2495 63596 68648
4473 20
51623 4317 42415 43064 53865 18569 50710 49167 50259 95684 23389 73746 62394 77021 6122 91984 26005 71325 80782 81713
383 15
23838 4838 91316 67988 20909 94186 32051 88866 82241 69734 928 94394 4887 92070 54707
4819 11
60756 81331 63796 31965 75208 60731 99325 557 84548 90984 26213
3307 19
3028 25869 19159 29291 62701 74641 80457 23112 91693 24765 61555 60928 43229 68951 40813 24629 53292 95164 44376
3707 17
36584 26731 77984 15299 38976 816 13629 94335 20909 73730 59239 766 22587 10101 32128 69122 57803
930 20
24066 69882 15374 30940 69252 64149 50122 77709 31670 24536 64593 8878 68671 62830 32075 98123 60154 55988 76659 68975
2943 20
56395 10040 61497 35038 4916 38998 19155 44522 90985 36728 56722 68429 48077 34734 11954 14627 42824 68857 8051 89074
4009 17
81097 11151 6223 19945 88274 470 12036 94004 50902 46566 68550 23720 27711 10299 12842 22849 48518
3459 20
55157 8575 12206 77920 97886 10876 75515 57400 22522 65964 53358 33307 28136 87515 17120 87562 1678 24874 71217 25755
4164 16
91515 44932 29670 4947 40738 83957 35906 87460 31466 32376 83030 5488 13419 84170 36802 4903
585 15
78187 22158 7897 98225 90553 62068 58239 28778 47000 68035 40085 95338 75655 10728 72114
4975 19
82202 8832 95820 31660 9209 27153 4055 46795 67501 77534 44093 59131 480 31058 17712 50453 32445 34111 15294
3218 14
52401 23072 95143 55521 5162 65795 37840 23405 46846 59691 97500 1010 84101 86848
2021 19
35269 23418 74288 50373 51017 34561 64069 71286 71534 12950 78468 1843 59167 37252 37960 32198 27794 81421 78156
3334 19
52459 70502 28291 66019 67012 86180 74193 1165 25209 72123 18424 95596 87949 8390 9662 49268 78792 78535 3390
61 16
83635 74641 26401 99911 17897 91434 26630 38128 10448 78493 91850 81777 22628 270 30734 4280
2567 15
72348 18612 96810 96368 20741 47761 72801 48742 15997 71812 36475 30691 17752 63381 8448
1453 20
61255 22832 51412 74243 12015 59341 38811 24651 66733 17714 1339 39332 49749 68226 70749 56190 28208 15385 25123 54983
1813 16
94960 55178 15149 32864 8506 72561 58637 92945 86714 21712 71192 97048 86728 41353 31624 68464
1110 14
94775 82667 46345 79109 52822 11124 13971 17878 31146 46752 81924 63840 79216 76657
1723 15
93635 95946 74243 87936 33745 78751 12887 33651 40419 8285 78358 70344 60342 73071 34302
4660 16
18015 10404 68486 39466 49197 72867 8268 34629 50666 75421 49130 53046 82664 26081 62952 6364
3415 15
11174 68213 56476 76940 68404 61919 67042 9039 57367 51104 10811 74564 15130 55114 5836
645 13
29121 98599 34872 35601 3243 6448 18510 84181 41048 19778 55001 47155 26267
3837 17
76390 77213 89564 64117 1730 62685 22974 64520 77605 81538 52789 9470 98230 48163 91342 25504 27601
1584 17
30631 11055 91937 87744 13976 41634 80641 75917 95584 67789 51502 92745 21771 55911 35610 20516 39082
4381 20
1734 46161 54841 50195 18215 21975 89736 4894 49126 81256 31979 1852 38524 58217 75947 24950 38669 40460 47841 3505
1349 19
86640 63894 75381 75694 44508 82237 94002 56202 45850 17539 74174 42110 19353 22375 28366 32056 50069 11511 8164
500 18
99206 78037 65414 94222 98148 58655 62468 22226 23993 22260 71608 98225 53816 66310 57125 25274 91652 83347
613 17
23127 6207 3318 98922 53323 58538 66286 30748 58267 62608 29089 58866 27843 35584 64411 45699 1648
908 17
46361 6822 40632 79850 30744 4979 20747 95934 70282 10315 58626 91148 14943 69632 95210 53434 18170
381 16
75098 17315 3837 23543 2754 64923 78218 86835 41769 97925 83622 8747 7 26995 40665 13349
2976 11
57087 67248 71809 74210 38303 69552 90825 91557 78019 96358 92701
2297 17
74118 42504 54343 72402 32352 34902 5511 98491 20451 6718 44219 61759 67018 19238 48161 26037 70960
1401 20
63603 18325 4430 21662 77727 32087 25313 36831 85309 89744 88283 10209 99567 35776 650 33765 59882 63672 41249 40839
4177 16
6626 62027 46241 76985 9436 83485 7999 7074 92357 4981 96601 53773 29695 46104 55037 7032
3564 16
77305 82267 45590 73121 22124 90183 85539 59508 92079 83454 1094 62024 50257 61102 5687 67647
643 18
80377 36961 8537 4375 99460 55374 16021 28243 81916 73064 62582 87427 23442 1126 84711 71602 39678 65144
2265 15
79075 46964 91725 67068 84763 88338 21588 70665 40925 81633 2187 61153 79060 26519 19445
1830 16
23345 11193 49157 5094 99555 19379 11233 36419 26905 38070 36071 67032 84167 87850 20012 35453
3202 13
34677 85328 33477 40153 62991 91975 40329 77943 9868 14449 53811 22439 78302
1048 17
2777 2719 26530 48944 94677 42369 9323 35936 40363 46095 80509 87605 98940 73942 51088 36777 93924
1515 14
17660 82275 77174 3235 42788 74559 86824 36317 35100 25660 54137 81455 61927 64359
3192 12
37464 80379 18494 2209 30196 87211 97915 93968 48592 96441 76950 36237
2331 12
99841 82730 78051 99421 67429 35191 77431 86018 95845 47495 79548 7728
2354 18
83836 44082 94728 10055 95568 88758 13855 34592 84102 43350 18980 85588 98489 48364 40503 64925 36553 17389
1303 11
16140 61669 69822 10712 62938 57796 86784 38393 81411 81156 68932
1551 19
97265 56068 9404 88606 41567 21609 57630 97317 51535 4790 44066 37223 2684 60973 12481 8504 68416 34746 57225
3892 18
62900 12462 22403 99035 98800 87941 80893 32622 42265 36386 53692 92764 20053 730 67317 71082 94948 86775
3766 11
97610 41609 52837 89793 98159 96098 22781 53710 24788 23121 72504
4713 20
344 4500 20393 42024 76521 55232 6256 97498 47016 18798 15110 72070 70362 79089 16018 7840 20958 15233 2430 86903
2200 12
46567 15714 85916 48075 57766 71186 99833 9436 88829 98647 65165 20587
1878 12
98695 55740 54475 28574 84076 39007 95668 48646 44655 11468 33312 18070
440 20
81887 14865 51407 52863 52208 72845 75875 97381 98786 65068 96386 88277 29751 22116 17196 90229 22669 64025 92904 22051
2047 19
85450 956 10296 80520 94556 19298 75223 5708 31450 75276 81296 44463 29083 16869 37522 7932 28650 16253 65400
2842 17
35329 78882 70850 36178 64561 63719 86651 35245 82656 25473 42539 9960 44434 38625 4957 56372 63993
2941 18
84005 23637 39396 88228 48683 15166 33092 87413 26702 93261 6628 4640 39976 60521 83131 74413 99409 66681
296 18
13780 5286 20885 95246 7083 70315 80421 53679 13112 44461 34131 18353 34006 32470 9523 18247 68972 62489
3507 10
49256 90321 39656 38983 28944 55491 78255 45935 12840 1983
2535 16
84923 91013 91069 89687 6673 13128 42348 74586 71440 69875 214 11668 82376 70731 30238 31798
360 10
19893 18869 31367 51762 80824 9390 77074 80851 26241 30215
4393 18
45703 37998 90953 83247 34591 96102 61800 7129 41944 71227 95520 28106 23274 1359 56902 92230 77553 45930
2097 17
99396 56512 13950 71974 4479 19472 59220 36914 95184 70408 72902 55915 58614 35119 12344 30639 84576
657 10
7188 56560 62073 39742 27863 42847 35060 28948 18766 83887
124 20
98554 19998 24050 15639 50535 42217 15396 95809 90452 72008 85089 1761 14060 59965 61355 22781 14797 73992 24621 27245
1922 16
13471 28272 65637 10999 83563 12422 66594 93974 26616 47480 72825 56722 33006 46302 78341 61330
3215 20
48973 17979 45484 97697 29694 94834 9127 85233 76153 19258 56551 51720 23408 87224 85996 28626 12289 16565 87041 56506
1565 17
60497 61342 21345 32549 34472 29635 19907 72597 82383 5130 52008 85015 91398 94823 71487 96150 97056
3877 13
78695 73025 56436 15317 49300 10917 63049 93138 96445 99109 51413 99715 71269
2783 18
42792 441 14714 95945 93047 7560 56288 52842 17055 63986 85089 59093 38236 86454 50528 76368 23568 71281
2111 14
26952 29311 10258 43759 47961 88323 6653 38453 41618 60359 60105 6578 5996 8110
3413 11
44479 11789 46956 23259 14911 7166 93981 56065 80404 82597 70750
1181 11
27377 78261 83554 12567 28899 5320 92124 4193 28042 74718 29214
3730 10
40837 69943 86078 54628 12766 71144 77932 68549 87049 53438
1133 20
28103 23940 84375 41188 23045 4635 24559 20269 21741 20708 89093 80544 48670 6023 41625 87020 22869 35861 67618 50898
1244 18
30477 73099 60374 9198 71236 60745 58545 65878 2194 71727 69323 15399 88658 40847 8718 4661 98458 75652
1973 18
27527 50348 14394 96683 89391 81346 28074 91268 65802 24433 65534 68673 37676 28670 55929 94537 5102 94800
620 17
51858 76139 31142 17004 53525 90128 10717 75530 33339 69387 27378 11351 52399 51771 86290 63067 30153
407 13
71500 18420 67822 63462 75547 6225 80675 89988 85883 97045 24876 586 43265
1226 14
46361 62617 96907 44775 64032 77342 8998 22973 95939 75758 44968 94276 233 86281
2776 15
18378 12399 50711 51496 6571 29441 85673 39135 45737 78989 20680 59690 12978 93717 21246
2990 13
29099 55196 91357 18740 19416 59140 86907 91454 92293 21894 96168 1694 66032
1316 18
11195 40854 39821 2024 31724 53426 67807 8399 42573 16101 91966 47191 88579 16199 27652 76036 9602 54062
4830 18
65869 31810 44469 12587 38252 90407 297 9797 57205 2082 90737 16188 50014 43359 60012 19407 47652 52179
1137 15
38498 52467 181 94733 15617 75813 73122 41013 49198 89486 49964 23843 86110 53183 32799
2394 19
36193 43263 1998 36757 20575 95029 40639 25967 73569 47576 6758 29201 9796 12871 83514 34607 94214 96142 63799
4019 19
24748 68577 8242 97287 97352 17988 28194 46896 75900 4418 93507 22638 11158 77622 70984 45883 57610 73502 86048
2329 12
41841 63990 22363 39794 29778 19110 32615 26570 40712 61537 15360 66853
3034 20
47277 1035 91869 97841 65198 70245 25349 41881 64825 28057 67044 86482 18416 44302 45572 64024 31629 50059 88522 69266
3774 19
31987 87531 12810 16820 28910 64044 39444 99852 78004 9862 50395 18594 45267 74135 74696 64308 4848 62564 35652
4055 10
46505 37116 62326 20119 22090 72834 87860 89428 24286 54818
2608 19
54120 49034 99212 54180 86940 11918 37863 34119 70583 63594 36745 17701 79658 36770 46504 80164 56123 94767 54742
1778 14
98875 97633 68698 57572 51298 44766 51003 14180 37771 18685 71627 7926 18335 8363
1561 18
92091 16984 27889 25619 37006 30326 53032 38789 58267 71237 37612 16710 87458 92126 5669 9880 90433 18027
1900 18
2202 74098 44343 5857 79683 78736 92978 16673 63098 71537 37072 50534 23406 39581 84127 8321 85919 95164
2058 13
65925 85397 80998 37058 32764 36073 89966 96608 9370 19708 20315 58545 51763
2252 20
48674 20491 37181 45813 98116 45591 43402 14864 12246 17897 94128 66032 54837 28909 61904 98399 5275 6297 75086 68416
4275 20
47970 86091 39744 63686 93416 2809 95189 98905 21220 4338 70417 92110 46631 71821 32042 86342 80892 60857 80800 99148
2595 20
47277 65394 56102 32210 6211 37988 53077 89403 21527 43589 99774 24051 68600 4574 14294 74434 58789 85163 7402 20237
2147 16
39926 66472 76154 69647 94883 46721 87523 58874 79979 70931 88703 14417 69524 21848 23635 70177
1737 18
75599 96574 7610 75184 39513 18610 41108 24216 35667 63090 74518 10209 7055 38352 1912 75169 28258 11483
3186 18
11697 4252 13938 33520 68807 12170 5550 31037 60091 25812 15050 37262 15814 9898 64921 96963 63734 12675
3212 18
3318 98398 55051 36599 84954 15474 44512 88095 4550 703 88836 17078 29924 26592 17702 85403 9199 75898
337 14
60537 36601 92183 42781 22544 54872 14332 44595 2378 60311 92029 21105 12478 90248
4445 17
77720 86879 73735 32619 43752 42766 59127 56712 14088 60268 63365 43633 62825 73055 88140 96486 50809
1189 17
76647 822 4207 24042 18505 42713 27803 83259 95218 79407 18054 87032 92432 97821 15220 96492 45900
1268 19
42468 30239 12045 37784 17540 2779 6648 97669 46618 85192 5787 21854 47798 99819 73816 80268 98037 68325 17914
945 16
15560 33554 79334 62066 46515 59483 54232 92601 61938 33302 17173 73256 70182 99617 19221 64662
1139 12
24234 59678 20382 19263 46215 80578 1884 63126 13159 33173 41635 51672
3740 19
54151 63558 27039 28429 16097 77835 70845 58097 81339 46351 74579 89604 58495 66815 96736 37086 70126 68795 40681
3289 15
10448 49749 52384 59597 26706 50625 37342 46612 76704 6747 36689 93301 72724 93236 88478
1246 12
80527 54425 90353 98774 51374 93683 4487 80211 25166 20097 11177 30500
1164 14
99321 73021 62806 8251 42917 12671 73124 99830 13120 97734 20004 72200 29232 80553
416 17
84065 82929 61397 57140 34561 58698 78548 348 27052 1508 85782 96196 97542 10280 19674 80870 71411
2887 19
93017 81469 52250 80591 99720 38765 45836 69447 83250 49005 36666 51033 9226 22640 79304 85251 49829 85103 59569
4828 20
24202 54907 28147 11114 44288 30359 24457 94398 41459 19797 66981 80393 45350 91043 18825 21408 51609 91838 32776 80928
3954 19
72792 65492 89107 90743 65040 5135 60846 26948 53931 73802 19488 94482 41484 73483 41916 34879 82309 29964 43546
4320 20
38599 20351 18150 1680 15289 89483 69719 64836 22018 62707 17619 33109 6675 77437 61953 72292 42132 48582 830 23979
2923 15
89943 51640 17764 78873 19756 49587 54171 87323 9340 3340 84721 87908 20732 64384 9779
1507 15
45804 54791 958 96383 62551 63316 90475 23003 30098 9953 14531 44935 84089 70437 21198
4899 16
27080 62154 29330 48682 86865 73846 24682 85295 65691 92872 84137 41152 9500 76791 80821 74215
3678 17
79816 47403 82683 61464 85429 21110 63738 62688 78677 10529 74726 29646 53732 7032 76329 59509 89351
1557 17
5566 69284 8127 64895 657 85028 11168 5543 24504 60485 3194 23294 13668 2858 79620 49134 23157
2339 18
31604 63521 676 88562 84827 93801 16402 98479 69216 95783 5851 55998 86162 48621 65811 73062 82212 13989
4645 12
14428 81895 8274 23371 35526 4785 63969 29448 43472 98861 95329 87740
4463 18
53413 47964 32644 47407 90453 45282 25398 49953 83013 28195 87340 25685 93378 33779 39388 79233 7858 829
465 19
32334 1139 666 48125 27856 30843 5493 31246 82793 22169 54490 4418 36875 57715 10458 43640 11588 43614 39961
2162 18
93034 44531 54504 33165 63614 81932 17961 35593 66269 54155 54449 81610 31645 42376 49668 34879 84861 31401
1812 20
89310 78702 52496 81393 78892 54479 87752 52135 65584 85113 90159 53322 38890 66766 26813 86931 87679 97811 40192 89741
3799 12
58789 15463 46694 11880 51969 15914 19530 10226 80779 88472 39530 61032
3022 19
14072 78659 6448 12561 38872 1628 90683 73124 18402 59416 79857 30140 88733 61920 9564 426 3416 25983 6089
3520 18
58047 6933 25285 64111 15055 51922 17340 62718 42699 82462 77097 84153 54409 8184 15549 93530 15673 98266
1394 19
2359 81438 15424 15102 39712 7515 88850 66090 5295 31292 94512 24054 11683 15018 63950 77041 54932 62801 1096
248 17
63932 99836 33656 4364 41047 41711 9102 7283 42868 42673 31765 71460 21590 84520 45880 10590 14983
1041 13
76267 39044 93566 80354 57473 94426 14469 54408 76719 10289 73870 18919 23470
456 17
62416 66596 59989 87689 41921 60387 94108 18127 44679 18385 71859 9380 55689 7165 37620 65439 53796
3473 15
2789 32208 74712 87775 56850 28388 34460 69252 23666 89557 16736 29757 58628 97635 95151
4582 16
98085 79193 88897 36441 93482 28841 78386 25238 60147 86592 52467 82478 29228 34486 67075 23834
2919 18
36354 26334 66105 35907 81202 41339 2194 45296 92778 37464 832 54171 86866 43173 43217 22402 36953 22673
703 17
56745 45427 75982 73064 36614 89033 23091 79756 66951 97238 39014 49317 73048 86055 49338 70286 10282
4068 14
46190 24237 75385 53856 79609 73470 19220 57186 93308 64187 53021 72005 48269 25918
317 10
82751 62775 5507 75006 91989 47106 87192 50601 35908 14071
2203 12
71567 14411 36938 66772 65073 2832 79583 68082 60445 49582 42602 70622
255 19
80009 28377 1534 34142 5672 5944 60046 79133 82915 39570 53204 79059 65354 18475 48077 61948 46524 94936 94892
3101 13
27359 52834 99413 34435 9716 24305 67866 72667 24957 88803 77971 60810 6878
3607 14
83853 33124 91775 56818 57568 76851 44785 35202 29078 26689 27064 71238 53176 3480
4374 19
83665 7662 23023 32556 36125 91289 86257 14610 82383 77843 46345 35776 8107 76539 65200 21304 2140 5748 84396
2470 12
63724 84926 76510 1465 90674 17111 56202 41551 41697 39710 55965 1537
2006 13
16873 94498 36998 20664 42447 96719 42790 79411 96323 88446 27157 3964 75657
2100 20
46250 79502 94917 35894 81719 54872 59515 30916 35427 54967 23256 8045 5865 76171 83379 71192 61905 1945 53743 97726
4855 20
66955 96302 21275 68090 42704 49002 1671 27092 74976 96900 44135 48909 60112 50795 85241 46226 54726 61824 61253 51015
4058 13
62267 53443 56871 50042 29557 84900 46516 7336 27207 17426 7826 55020 46267
3130 18
1414 33482 71423 31519 92289 21113 74193 51923 79652 16468 61595 26726 88641 74557 56914 59713 82904 23567
4606 11
45877 44605 34227 59143 20684 78370 93740 57936 24020 40242 93551
1732 18
81321 79532 13456 35228 36844 20354 42712 77835 85095 95742 59602 69460 86390 13721 51465 36969 83200 66346
907 10
38694 47831 41567 74734 36274 22820 45218 65743 65891 94303
3369 11
1077 50739 64757 61874 19956 15038 17204 38612 36496 49076 44346
4316 19
5208 78639 18902 77513 35146 87587 26179 99961 14926 24007 66447 71294 13342 37870 4950 69061 27151 59990 33788
354 14
875 96198 12881 31721 17591 91603 30651 24559 43612 27463 25768 7916 36524 40715
713 17
45387 61069 87028 3566 8217 89016 40408 74248 49475 76825 52742 28565 32643 91155 96448 28713 82198
4509 11
50063 83217 50580 6341 244 88147 71811 1256 5678 95328 73001
814 20
84848 74620 55991 46466 41032 63855 94732 17022 54707 50581 36942 5977 49076 93376 97902 84488 52641 93737 75362 23036
4891 19
55497 99788 4167 23732 74078 45691 28267 4718 68083 42432 23737 38593 28857 81515 4689 28246 49811 95816 35489
4604 13
43924 5038 39649 2724 82423 98772 15376 41997 66708 97600 96775 63847 12035
2928 17
18109 16309 16159 63521 97630 84448 57257 12157 50115 31414 82132 83392 63149 67282 47749 15036 77931
4637 19
16353 59528 28299 26142 58115 67409 54237 20123 36055 72198 95262 89102 63609 46712 78679 50684 89342 96659 48895
3623 13
23510 56935 10805 51326 18974 2417 89642 53344 54320 50416 75668 13622 74106
3162 17
44136 46635 92112 45853 48889 7200 40323 38786 37771 94050 36009 57718 56030 15787 26920 50177 90027
3622 20
17060 80674 4741 44900 84960 95080 11707 76681 22725 73330 90636 42567 57909 89331 24612 17987 1945 66237 12239 75569
706 17
10130 27067 21956 2442 9322 90300 10091 15331 96598 33992 13147 20841 20981 68665 1804 28375 2800
2959 19
50771 53266 21030 52491 10966 7950 90280 79181 78222 93502 24428 87495 34390 47127 37926 95288 52099 45449 59342
147 19
19749 25669 37898 14550 10586 37740 55169 35845 68662 37483 22178 85475 53926 73296 52718 94927 88118 77014 63425
2467 14
70304 31267 55542 85069 61611 23946 59639 79469 18572 88573 85154 5245 27827 79900
1478 20
29736 94114 11030 59763 16091 56764 40915 31959 70272 89956 95287 44076 21990 88154 29280 81910 16541 94760 99281 3165
4038 13
42184 8676 81515 46822 49080 46611 52765 53368 42005 28298 95365 55901 75852
1855 18
15651 62318 29595 73051 41712 99613 96407 97531 95525 98138 59700 42300 9069 34946 58574 73047 68164 60793
4284 18
33387 40266 37144 74488 20698 95026 4492 99442 39219 23103 91306 84059 94524 79590 76024 79501 72299 55489
1234 13
90492 41240 37480 17433 75509 92287 52546 64852 63663 51252 63135 26014 18424
829 10
11202 64598 2020 79013 55346 71741 84083 26965 87347 57872
3818 19
84791 21513 30574 96670 79850 55017 36133 75954 40684 63719 68854 37897 98521 85029 82884 825 88240 24980 77664
245 18
21775 19063 42277 74282 95513 93787 67961 12185 21579 82311 49980 9366 26545 43905 13505 33358 85377 35988
3092 19
52121 77378 85027 61478 28130 53688 56358 31908 27169 45266 43220 76547 52667 97590 30594 68998 41758 18211 30153
2892 19
4658 9474 51425 20815 72634 85247 50451 26190 55996 30672 53745 20135 56667 15090 74543 51820 69949 37513 10531
4278 16
4872 54399 25418 1017 89993 84134 60842 72711 86558 20348 71948 95136 99700 25988 71572 67135
2926 15
1535 65807 58374 64459 28810 73405 38518 43807 54429 766 3508 40243 79790 71063 40328
3978 19
37725 64383 14252 97688 16539 95845 30858 38070 64152 63814 92462 22060 81877 23535 79777 16469 8031 34379 83202
3243 16
88483 91479 87999 23264 81520 85995 36187 85091 36767 95605 22565 20909 22446 90145 30365 86477
2844 18
60242 54250 33407 42675 7206 68704 17128 41712 25923 80140 24330 37364 71923 36905 45857 56319 26121 4865
625 14
6725 69751 40621 33117 43832 67329 45573 19051 30496 19915 47274 83509 14438 36083
825 18
63729 49609 20058 72176 19761 83695 96894 32974 16387 78064 37375 62630 9758 72211 88894 35649 69306 44047
983 14
23431 74032 94891 44155 42650 33694 63719 13684 80601 46586 21861 22963 8149 1403
4343 10
30423 51840 6854 98499 2801 63682 27144 98181 14267 7638
3331 13
33693 96228 37966 65361 87848 82845 22790 34050 69768 47058 10894 13829 54908
1506 18
35612 11935 63896 74048 71105 98002 87382 45517 81939 76033 26680 43158 39132 38992 10774 95044 16653 32575
1803 20
4666 65450 39287 90642 66257 99959 15430 99296 11354 49557 20220 88812 4746 6187 55820 40407 30171 29714 74092 60834
537 19
25397 98577 81581 30595 81853 2473 85228 27234 39709 86922 51889 81256 98569 91758 14282 17842 76734 26854 15699
3412 12
19567 17186 64487 35233 5991 18833 78420 2961 62816 57935 69278 42162
1176 14
85015 38649 91541 58895 46632 17553 84570 80163 57842 7382 35942 91262 92171 63336
3557 20
73815 1414 68202 48606 49773 29299 88257 63197 67424 74202 82178 32255 72189 46084 92543 10628 74924 78521 91890 13712
1923 14
45187 9757 2883 40123 33125 778 51298 71859 58861 98448 26537 23612 99277 85162
3008 14
31683 24130 84471 30813 18518 96931 11958 96975 75415 8538 99357 22516 34054 30115
960 18
87879 5744 98653 26015 90819 10369 99227 4926 84332 96800 76569 46488 69955 79697 87430 81617 72642 68638
4633 19
73972 16914 38658 78025 44404 20706 27747 542 1542 55488 94199 77396 15868 26653 48799 68795 51555 16590 5107
4977 18
16293 11224 28157 65947 25892 67010 76211 49185 90518 36862 29970 24860 28301 11548 50638 37896 67647 63297
4750 20
38488 58125 20032 89323 33987 54443 88763 96351 71773 65542 37091 68822 5762 27589 83605 37214 42356 36626 59189 12153
1028 10
44539 92049 98360 6622 77170 88525 60552 4225 46773 48004
4556 18
87866 56560 64604 15115 33926 91644 37414 57800 32157 76785 40510 64985 45034 972 43049 54089 36222 74165
2508 13
41036 25993 90784 48357 1316 89656 63695 92124 88179 92510 11189 73503 65240
2109 19
12460 19152 35173 32541 39183 81350 53156 69361 42324 43212 16081 60640 59548 64071 53017 84424 31327 82880 9177
4355 19
57430 51294 87950 98644 56024 13807 1478 47254 62148 60822 62132 50139 26051 81916 7753 28851 45052 55999 73320
3124 14
88888 45851 4303 42065 99244 99456 11593 31431 89360 7441 24803 57835 79809 1683
1883 18
87919 93831 93686 97496 34850 46341 18921 35036 43476 12144 41480 87448 54108 53033 67858 8527 55701 57105
1992 13
19527 78260 83935 98786 40390 12427 39856 27647 59875 27810 23603 1616 15657
4086 10
90228 77228 35575 9796 66900 4242 78895 14904 30170 46771
909 20
24854 8163 68062 53707 17502 94417 27663 87262 87173 92502 51278 89774 1692 23621 42366 33171 31093 65927 75877 3975
2126 19
75921 18221 15433 37437 91307 80042 14772 39158 46775 6266 5152 79908 24695 92653 39045 2994 83515 16653 33272
486 20
97830 16438 92546 78122 17824 80033 31791 77753 28477 70433 57487 92872 32434 4790 62384 74082 21153 30785 35600 1886
3545 20
62319 11624 51188 90854 94688 78285 52409 6648 24607 40498 14653 76042 5685 13834 67367 70207 21320 25525 35466 96911
4742 18
80334 45484 10573 13207 56443 8825 71030 22189 71519 93082 1743 31598 87984 96223 79458 40125 19146 31916
3258 16
32506 99284 45434 95274 71469 54329 40100 77319 57657 30095 4559 48024 88380 29180 12543 63097
4677 15
44563 12029 60333 86628 21688 89654 13292 71682 28087 5862 53479 43563 96475 98754 72469
54 16
81349 49211 1443 72890 13920 84312 24468 16396 30585 42403 25896 50638 67037 66803 97254 52778
4609 10
31435 23197 64112 45675 4505 14716 98779 88403 18618 27165
1939 11
7946 87958 30426 18390 83143 28572 75122 5946 68505 23542 56298
88 20
87879 96717 9925 71517 83687 30039 28074 85299 92257 2478 13921 42841 95943 64710 15842 8235 83567 16584 16004 26920
1538 11
26690 42143 58325 68919 89539 47429 41813 52573 18017 65580 28339
3352 12
94067 6699 86456 94089 60306 88278 86334 8964 70537 61459 16546 51576
1086 11
47250 33845 42472 67639 35102 92886 5810 60512 76487 16383 45867
4131 13
22028 45653 90919 27471 75013 24381 4836 45591 30117 41250 70893 99152 98570
1529 19
38199 87482 6554 51543 87517 9994 65288 41270 53440 72008 12962 41879 4901 34145 79966 25606 77662 41228 42523
2165 19
83067 86229 14905 31140 39897 34105 25994 30023 15537 7075 92114 58770 31359 5751 66297 41707 34551 34557 42089
1318 20
14868 97398 82763 61901 29097 15196 99962 80494 31460 57100 30334 49411 53550 10334 33648 44748 55870 95654 98679 81761
2224 17
90958 50479 8599 21346 99336 41920 51945 50268 43924 84004 58266 21783 12718 56122 995 63440 54079
1361 18
23315 23169 98455 2574 49862 8013 36320 245 77140 67742 37985 36891 24193 66725 93481 65315 82665 13303
2585 16
1673 67056 2636 13156 6786 98609 6193 66719 9928 11139 89694 26261 34582 33351 18339 17454
891 19
79752 69921 76477 33768 10855 64491 25101 6322 77788 5752 74930 2533 87948 61413 39858 88916 67375 68095 44791
4084 12
22613 7800 28011 684 68634 43610 41848 28414 80992 63578 37389 47224
2995 18
19261 5274 9318 1247 18246 19577 63121 43436 84242 52134 52146 21413 5441 57138 74081 30202 30414 34544
1910 16
4959 71281 11762 38706 17618 90311 88359 83784 40637 77121 44994 75890 32105 10968 48246 90245
1065 19
39346 56400 28543 93966 50281 9015 87160 78289 33295 91882 77947 95946 73016 54970 9836 88148 59899 36080 76483
2293 14
89524 8227 43317 98604 56425 34447 66863 92725 45466 73439 61567 88376 61028 9744
871 16
54053 68576 94721 52377 50882 20631 30799 19778 90507 27474 61630 33691 62292 11116 36114 20914
1693 11
36505 72509 27902 87726 16215 70070 50156 87171 26151 55806 70386
3580 18
84211 88651 74033 26308 29107 12403 68291 33000 7837 47553 54485 94672 43312 58325 93285 15914 22381 24670
3574 14
1382 95404 50312 28310 25306 27826 39552 39596 89510 92606 93652 52862 98427 5396
2520 14
81415 95271 28933 54251 18188 78694 12702 75242 4711 85757 58484 64602 58768 17323
1815 20
36287 46231 72567 20432 7803 11558 66241 96408 21898 93261 62223 77584 32932 19271 73409 72742 53452 39778 52911 11472
2249 16
51140 17447 29095 17424 66924 14930 86150 97907 60533 67000 70160 81317 62091 135 78423 1105
363 19
40487 31948 78075 33729 65294 97688 11267 66598 53736 90484 16716 37433 90068 80368 53122 42838 97712 96606 82794
4246 18
32000 81796 38259 21451 64689 4405 53527 9858 75618 8708 66005 59780 23821 67222 44035 84822 42037 79660
1455 17
39597 57348 29948 19662 84335 83228 42826 12021 26347 49498 18743 28648 1861 69716 75734 49776 21744
1679 15
89694 72933 20174 51344 44342 28976 96725 25432 68538 6282 19995 91367 77193 57066 90049
3414 15
50822 28869 44167 46162 91806 18116 61996 36473 60498 37748 10709 99745 53780 96993 47681
4486 19
88634 79014 66033 92910 89647 32414 64356 85850 3231 62927 98899 32746 15357 32430 84361 58740 7655 2710 18005
1676 15
14419 54584 26087 71950 64768 84112 97222 47734 99340 18676 63290 30131 80095 48718 76968
370 17
66522 46210 18799 63098 48966 96575 4267 99380 32555 68900 29325 32684 72080 21353 94177 60985 12080
215 14
85451 91887 89190 75230 66489 66100 58909 73349 80511 99274 94955 57002 53445 57345
3420 11
51528 52101 55407 64815 11895 37876 3386 67460 92850 57729 56510
4775 19
75465 56806 39341 80663 63833 27594 46064 22934 76773 18438 85930 3796 78072 82844 30257 24571 40231 44376 51815
2414 11
97573 17574 72821 3831 67102 80871 61711 44723 8296 85993 7645
4364 15
21995 70129 61301 48440 34699 30905 94136 33386 95358 34216 24242 7404 15208 36672 83347
1521 10
73574 33311 34218 16704 26915 91929 13049 25408 22701 67054
4106 16
45631 30996 62699 84662 74113 10172 20739 52055 8488 32081 44682 4571 45410 91470 60014 28660
854 20
22817 70000 24645 40915 5310 38894 59807 78498 68050 59377 30572 46127 20317 81781 99670 41186 59064 95779 41059 92231
2373 20
29834 79075 12505 56102 60194 60599 90410 42763 91996 99184 2562 33766 57460 95985 90475 80700 5275 80114 92511 81065
4684 10
63262 57563 25207 14547 41616 58392 82189 85546 75207 46343
1122 16
11343 9959 90599 11366 3419 61361 69606 69073 35032 5258 77572 1885 7037 16524 90466 39662
3407 20
62572 23169 69065 1747 44095 79535 32395 8722 48469 85147 15630 49376 56627 13860 60096 10902 98202 76951 52696 83592
1037 18
90410 59650 89697 86998 23309 97148 83452 59078 67113 17608 11076 46511 43317 91667 38137 61415 90382 36246
2537 13
93270 95777 16092 84262 41602 91004 51082 27730 64285 29581 67715 46571 83929
1387 14
82649 1750 87865 47755 11485 69901 33690 33853 47004 24782 83555 7146 1764 69293
4954 14
51508 87224 43248 47674 10858 24713 73161 77046 50514 54932 21048 47863 16131 81777
1360 13
66993 16401 74506 55306 75510 48303 13682 9139 20601 99570 84443 34939 65475
1036 16
68330 48263 72525 41086 39091 46805 52614 92931 22638 96319 73575 27438 55088 42501 32080 295
2950 17
470 63046 60688 83459 51902 40220 45889 42157 6025 2368 8942 20163 33043 7142 56749 81137 85026
4669 17
92949 97651 10928 47499 20140 53493 32340 33474 70364 51957 46370 16777 80104 7570 97200 50155 38851
637 17
36630 85689 81280 55018 62392 47643 86656 63248 76310 40066 69260 76965 53337 57881 33750 27172 31175
2631 20
98470 63405 28844 92325 72613 49839 30747 11334 53154 95646 91910 41551 27196 72913 48846 51443 39248 86463 65968 46628
3809 14
74886 18727 50129 1735 36488 57952 63510 86093 76234 53060 51822 42530 62002 59913
1978 13
26571 92074 39689 38207 89758 76064 46371 14277 98454 25345 98923 37793 65957
4434 12
54041 26596 90926 61601 66710 90285 14462 52445 22448 76501 95613 50089
3328 13
16127 60333 12262 70920 26667 66257 26713 47850 57902 80203 7347 68887 67785
1873 13
87217 34416 83314 75354 83188 14302 21409 91002 92516 89584 29783 81407 96876
4286 19
68748 20151 66223 97766 39682 68496 36134 25702 73082 98587 36066 59139 19737 8873 24471 30247 94078 37881 74607
3376 19
45742 70632 80503 4966 69567 52944 46074 27132 5472 53369 66007 9500 42109 43711 44679 5317 69095 7997 33396
1049 19
37155 3703 9900 8378 77276 95406 66147 42964 6246 58459 96474 18847 60680 52415 96767 54415 97751 75843 85078
2916 14
51149 23779 16259 83837 87781 63276 19659 2499 92953 89411 8972 1962 14347 29865
3109 10
77712 1094 52392 93747 5398 89613 90908 84480 70931 50905
200 19
26167 29706 31027 30350 15101 60053 57090 95173 90809 31708 4363 51575 64627 58943 89919 97659 26181 66573 78464
1448 14
92889 89811 46160 14370 61385 88507 97191 52876 95566 91418 45379 88725 53233 45990
2865 18
23953 42951 59061 22468 96130 15962 78982 72684 37273 54150 94145 39714 72801 49230 62769 38450 59338 25546
3817 19
99990 76056 20117 88456 99112 12370 84939 23889 35154 1970 27449 59532 37798 99407 24180 88142 554 97393 84587
3172 13
11291 71744 8967 49452 96240 64521 60034 47058 63434 43269 93592 79747 9062
15 14
2196 97244 21436 17745 8913 83108 12330 17740 1051 81548 59740 34990 23394 29618
1731 19
62603 58646 95703 2408 45653 44982 19645 4499 68097 88863 76857 43551 26296 49365 26239 40693 9773 6756 84056
4073 17
15461 2359 55069 42866 54761 28100 26997 80978 68855 10082 27832 15207 46024 63376 53563 27061 74354
1548 10
55851 75022 40589 97692 60640 934 3475 61821 92675 7862
1296 11
95991 95303 84642 28937 45191 88340 80466 26826 88752 9005 19174
426 11
47318 98210 5242 34598 89569 44266 63707 6427 49744 48728 69733
371 18
4481 97230 49930 78025 12359 95536 48248 62569 51237 41272 74557 368 94840 59367 48435 10165 76661 76161
3755 19
98204 84772 11814 93679 93419 66021 54060 69000 79379 28933 89386 86288 63749 6167 28997 89399 1719 37715 36632
4614 13
76366 44479 92694 6797 11040 90052 89416 32798 96201 38614 59414 4248 80231
3591 20
47889 35134 86139 85637 78294 31468 7495 83310 24699 43479 82769 27866 41652 58816 74472 97822 21848 75978 69047 36412
58 15
29746 82981 45516 86222 4043 17962 92131 94469 20337 76612 26116 73007 38991 54095 44540
4972 15
78871 58899 9630 85810 24293 69628 8511 64964 95446 48452 76641 97453 10804 77302 97998
2429 20
57579 37185 2292 68148 8951 85520 14201 19201 16390 87863 80317 14546 49180 65499 66504 50104 79520 11092 14625 11679
1940 11
83694 1935 8102 37971 9662 90017 60753 71444 17064 18210 23551
3626 18
12872 51156 93048 88247 71871 44095 43673 35013 60051 97070 18769 93140 47103 83171 36207 71046 64512 48568
2714 15
16027 61915 1865 18199 88095 243 60652 52974 77069 4870 88007 30171 38324 26672 20559
1222 17
75639 76095 66597 18914 78527 83967 47746 66617 49871 13764 25850 31943 18917 6691 40964 45088 77507
4252 19
51077 19213 28200 34069 72729 73659 69466 26067 87121 56397 41155 92372 62340 6511 73169 58654 86957 73224 48475
3840 15
96164 85873 87178 78316 77180 16075 82945 16237 21985 81718 5334 22963 57288 99721 35383
2598 13
3615 86608 72870 69476 47813 13580 85206 30837 64464 81761 27840 77400 1537
3899 18
34694 26833 51086 501 87204 61790 65256 31861 94267 39555 62006 96065 57756 37706 14286 77763 53892 3164
840 17
12625 36179 24554 7307 4366 31436 56240 49731 11608 40919 93694 15538 13123 80058 32726 80803 27925
3637 16
71024 88626 27755 81107 99429 62546 84656 84024 84154 68597 51291 47957 50052 17408 82504 91186
3370 10
84713 89549 11899 26142 11541 55538 63608 42678 70702 22251
2317 15
65696 75328 61382 82056 20878 32673 70890 10806 60074 41224 66434 85883 87402 15438 38890
1638 10
97787 84949 89528 3724 71993 5091 52448 10482 5087 68545
3865 12
38846 59457 92300 15987 90434 73034 96823 44454 21619 22710 56930 56899
107 14
33607 79550 11429 2626 321 92509 11806 82899 13672 18315 50847 52031 48205 61850
4801 14
2688 69639 70761 66669 66706 6454 86630 85702 27033 75340 40202 31314 48752 23200
4148 14
55540 43422 20686 57102 83557 39748 15851 55818 29142 13890 42985 40062 41458 67569
401 20
20960 4749 45239 76985 17057 13769 37875 48257 56920 75380 76566 54414 58449 5896 26745 13170 2236 61483 86633 88244
2504 16
70525 48916 56410 22770 33155 67989 370 34013 53082 83227 449 95592 86931 24035 58878 7223
488 17
9180 59801 28850 70627 35973 47487 42727 68035 65211 30759 77241 83896 8544 87425 98260 26991 65737
1458 12
82004 69893 35673 96190 82976 25034 9039 26866 18413 20711 57706 84185
3320 19
22832 2011 20553 1967 29761 74031 11026 91490 29547 7118 90812 43708 70630 48480 89313 41739 30588 91773 34399
2957 20
53080 58996 65272 30778 92555 23816 7117 85993 9027 47103 54888 86534 92453 14432 47661 32919 55932 98914 61837 54493
3267 18
91120 6432 19951 73566 31347 31974 16456 21116 74437 37906 74502 54747 30344 34595 32154 39327 61801 32751
319 16
65450 61579 75106 56712 9703 55351 71080 30045 29987 108 13491 3195 2162 12761 44632 1286
4781 17
22539 31469 51071 59962 58752 59558 73475 51238 82957 18917 91706 79472 33718 81073 94454 2412 94795
4051 16
35248 53869 33682 98700 1372 8125 17333 68216 62246 5515 9620 65163 29030 80213 80069 40497
2826 18
96238 42370 37111 9304 42833 6595 69989 89284 8700 27031 40478 52052 17651 22339 65409 769 94735 27319
2510 13
51299 20151 90510 58393 88952 19813 36151 58544 410 68356 39652 70989 94567
2260 17
69575 1867 53854 49470 94835 31416 40058 21737 95866 42714 43072 93385 29339 32797 97427 65117 87116
1104 15
69450 3022 41195 47255 92947 49627 77783 91881 71384 62150 94172 3806 17348 58287 55890
1686 17
27587 81903 44011 51828 84104 8722 59290 29562 43095 75853 6033 71881 79064 15568 82258 98186 85775
1123 11
92945 32793 60904 84388 62034 15386 58159 25432 39015 13407 81414
4518 13
58567 11641 13817 20916 81118 18902 2404 835 62287 36700 678 86071 72114
3761 20
18111 41286 88316 97569 58738 55714 63048 95687 68646 89142 9296 6914 69288 36152 68579 39340 32960 11607 55676 51684
2984 18
71432 36968 1455 911 71546 20223 17016 65932 74210 37544 59464 99933 63935 2953 52854 77802 15268 98914
358 14
24525 71018 74558 82429 13196 72306 61764 99987 17648 25027 26921 80552 69733 92882
3961 18
41373 11497 63866 56275 2633 44288 94222 76044 93394 23102 22304 30526 737 22892 16499 99374 91102 76039
4676 13
50741 11921 52453 12589 90023 19836 59718 58308 52489 51827 32880 44846 48092
4215 17
25445 9327 80542 23126 72899 12790 46303 2736 99574 18783 21730 89433 67456 64071 4969 71012 97864
3720 17
48745 46806 19264 60814 70147 63846 31747 73304 41114 94835 39381 35343 11291 85826 47043 84943 32015
3454 19
65362 79703 4898 9148 98346 61351 19732 31384 65984 84783 19304 34871 52330 65309 32422 7321 65778 55062 68136
1743 20
94296 87627 11480 23004 20821 50750 89597 65475 9692 29366 80002 34912 23621 76602 12481 50948 24247 24269 12591 68503
2402 11
32211 27663 2946 47570 92810 26911 17679 35838 12370 56326 22988
389 18
35995 60971 97289 91243 85213 98125 3777 35872 31056 16355 46437 62520 60813 57105 56458 2817 80513 89658
2992 19
10896 16692 95073 11357 61417 89410 83804 60782 43192 72952 64644 93737 25118 5446 23535 3561 88976 13816 60307
1301 14
34502 60132 23752 65256 71793 80640 89753 96931 8594 59236 34901 68079 5447 66189
3993 15
22861 89549 43520 63237 80554 4313 92861 56292 47019 21837 90129 58199 50285 57768 60365
3313 19
27145 69247 54001 16056 29372 12670 29810 27001 13500 76838 15087 55400 61534 21240 15393 78315 97791 86764 39101
4255 20
86820 67242 86205 43634 56287 30433 63616 96564 80831 36939 77860 72649 64636 82795 4701 99761 49819 81866 86341 26711
42 15
75269 64401 27005 65467 72038 37126 10211 89954 29654 8725 5504 4919 93173 75467 83940
3547 20
49233 68797 66303 49047 43770 71151 11006 98490 67381 76963 43386 18037 68263 28626 34331 8106 46446 97811 79320 19858
1963 20
41207 41602 27447 36653 41118 61203 85379 36219 65636 70641 22925 47421 95370 6107 21730 60410 33341 53039 77314 41579
2611 19
70329 2013 29626 85641 35787 30014 55573 52184 2252 42207 20784 72537 20379 75980 97483 71017 29310 57813 46689
3906 12
91591 67311 55817 49262 1949 6030 94329 83516 36478 8468 87685 45066
1310 19
54090 66170 55867 24043 58675 72089 21089 72820 57469 29304 21496 84607 58607 80156 29655 71875 59988 32186 83275
2901 19
88634 19814 58807 25691 94766 6452 85111 67673 16397 55760 13741 34002 71126 12040 55482 32616 21422 20707 32970
3536 11
25393 91468 94519 2153 7099 63716 26612 84469 78188 82930 30838
1173 16
28558 36425 80006 14082 20153 16136 20599 98061 16426 76253 78596 3757 43022 61286 92218 38468
2672 10
41583 80974 91066 27729 16339 54642 33951 44652 68276 84731
4959 19
84925 49735 4300 69932 33020 29723 20512 3639 66854 90498 43890 63591 3267 902 8115 81043 34997 18060 38669
1717 15
87759 51369 64919 63071 31460 42087 4069 69813 21343 50955 30082 27712 18282 70544 39173
1499 13
42547 62500 87742 4927 61651 8360 49634 48559 21391 25111 68796 43493 47232
2250 15
19243 38008 52198 68845 46943 70257 87037 95542 3417 3737 14779 10297 87671 54812 84817
3038 20
6670 54771 88556 77621 87299 87132 74535 15116 78023 15187 39108 35781 54995 6021 83715 42724 39175 69583 77961 85081
2531 18
17981 56128 82929 45891 71077 21480 12755 98969 82193 88539 68589 9908 17766 73767 73686 83089 29046 29739
3463 13
4164 30102 50767 93133 46708 31695 49433 26861 27267 61060 21757 24529 56875
3771 15
84474 68262 76040 82940 88728 36790 890 52795 50067 29084 25515 37818 61793 17287 91814
1071 20
51129 69803 40591 93264 24067 32627 95131 16958 95206 18563 58381 71649 72878 54740 63642 37300 15724 6476 6887 95444
4241 19
63342 87208 62174 66206 94093 22983 80956 5812 39604 23074 16678 32512 57750 64581 28901 72229 65406 69432 11817
4451 15
90999 9740 68683 27989 35019 86801 73767 79238 76468 90828 24661 18960 44298 82748 73365
122 10
98090 37843 55902 89613 22078 78834 47800 13385 70053 12344
2244 11
13962 30155 64479 2579 81910 1072 5901 67510 41287 52907 86802
3882 12
11716 15361 70321 59879 96397 49323 36839 19096 97302 14591 69472 40561
4717 19
56201 61563 61195 3319 29078 51880 36568 81351 67252 49956 43891 68665 2654 26828 28190 12998 65413 86264 79767
239 15
49031 89876 82499 41516 18522 73369 70868 72392 37133 9766 71350 1599 12443 98361 18200
274 18
25880 20047 60929 78870 85834 68208 76837 44588 32735 11253 39445 97174 93847 63867 78607 61834 41942 16922
1881 18
78220 82864 16820 83101 94354 9162 64080 96438 78926 34215 83172 85142 4079 75419 47075 80149 16636 47256
835 10
41540 17674 37860 52667 80918 47344 50444 91543 48122 1114
3167 12
12102 46728 54201 38722 65740 53198 62826 16768 24472 45937 87752 50490
3722 14
92803 38383 81754 86539 17420 67561 8250 68679 39803 77650 99809 30831 22645 74617
1588 19
12455 79345 81941 28684 48737 51817 73895 31691 64328 38411 59422 27446 24869 6186 62772 45472 96807 98187 13277
3941 17
84220 8724 83562 68285 41179 45541 41397 81858 85941 22286 35672 16478 11777 80541 82345 28017 67271
144 19
98171 74147 22337 48185 90129 44290 81337 68050 36936 82951 82815 5168 74125 66224 431 92868 19783 17601 51871
1302 20
59592 77959 78333 37395 87842 30149 80925 86249 60380 10683 80549 10070 11106 80169 44582 70175 33320 52201 36161 64725
1099 20
429 4067 85532 3027 45774 87950 68919 67660 74087 89199 9047 46920 36238 9996 36520 1075 31062 36492 74838 81056
104 18
44000 57272 10565 33150 8094 8280 40195 22166 91304 25130 34586 1385 71482 4844 29800 25835 99872 465
2687 12
4658 73845 33440 55575 53638 18487 30789 22525 74329 26687 10290 75463
3128 14
96054 45471 20388 50377 45531 60198 81527 88021 66658 25896 67020 40186 67480 36617
2678 17
77250 36316 57883 17356 37851 88257 67809 90922 76421 69205 29041 76691 29025 35126 1318 12219 76991
2617 16
75439 15414 10352 46241 99451 2874 31381 12479 81492 83565 17475 17281 11167 93149 46798 96935
761 16
344 19086 3173 82130 83408 56569 80 76379 74057 1932 48972 78198 83109 3424 21964 23432
757 15
6899 46677 46077 81960 80031 61938 84610 85117 30516 66258 89299 3877 80165 70386 32956
2173 17
32753 71167 82221 12607 23723 73730 76018 16757 23658 61124 65624 33439 51897 32546 31904 93331 22842
1168 18
19358 62748 53642 32721 68517 94911 38444 33938 83412 87332 19266 35846 25875 55040 80615 18339 30282 29536
4335 16
32855 99095 68833 80515 55942 17438 81200 63322 15255 99288 33185 39524 29956 31668 22051 68645
1420 19
84686 39276 80524 24401 18028 1597 82035 20791 27803 26410 28783 11526 76512 89894 46426 72371 24206 88102 74425
3713 17
40989 44324 77959 45293 33442 56048 41562 28797 63670 34201 32078 66585 22799 40990 75529 34631 35961
918 13
51025 67123 3345 76152 49856 12247 50540 26656 50606 26806 86026 92080 48558
4680 18
28371 71548 91504 41969 95462 58662 45456 19316 41250 18243 43850 44996 7321 72904 50612 15998 97761 83455
1274 20
82843 76576 7690 83511 40020 93789 43074 54462 48214 23872 65240 4021 673 60824 78981 66288 41491 61181 27435 71581
2951 19
89841 34519 76428 56678 54790 4172 29082 77734 66648 75910 1931 88658 86411 10617 23275 78981 42972 96783 39796
2836 15
15635 36783 62614 2022 97490 76217 53922 60503 19216 39257 52889 87463 97073 92523 16876
1341 15
15484 77322 81938 31616 80065 16372 62345 61228 66562 30802 24766 93236 41176 94980 469
1907 11
46720 17083 23642 20878 87661 48874 32833 60202 99838 80149 51976
1886 14
76267 23337 90527 16148 69917 18501 56011 34381 32430 24943 27423 77196 99025 19375
672 10
26742 28266 19788 88872 1186 77869 75845 97881 14983 64764
4437 19
87815 51678 58316 40073 59281 69434 39214 80624 68618 9398 30799 47173 34930 3701 93000 21619 43054 87657 13497
4376 19
67537 98040 11920 6162 29485 36979 61068 13235 50534 67236 92619 39423 85611 89574 93326 11674 35578 89126 13887
3125 16
16741 36648 73746 84323 96765 36987 74348 48445 38283 48866 82229 39746 79268 94078 43504 3770
490 12
88188 5411 10519 97000 30696 53040 60348 737 24207 39605 44257 104
2780 14
3601 84711 69387 98827 97426 47502 72895 99557 86432 70184 54424 46232 40610 66108
3764 20
86064 6290 89748 84960 95518 60792 76664 60695 33508 69806 26712 75741 6181 56429 51167 85103 83190 71135 69583 4642
16 18
45060 80933 59477 78933 46212 86246 40720 12081 66289 79317 14484 45051 46573 31044 19163 21273 69365 65538
350 12
77936 2565 8204 34408 10810 16689 55647 39345 4757 43238 28363 63551
4026 12
94401 9852 25243 8548 86359 15377 79079 57601 77408 97985 398 11163
2760 13
64610 57304 78645 85851 93269 30126 89490 26113 78331 64077 36859 27297 16929
2013 19
58155 51428 9792 41015 31217 64668 64823 22440 53835 79480 25257 71968 51244 23008 65444 95549 16225 44499 92691
379 18
72588 83468 49135 39454 50125 47267 58268 64684 97232 97853 48493 40299 6458 32075 86948 93399 89172 60701
1826 18
21922 64048 83483 79766 17481 83776 5968 66497 21512 38060 18765 9471 26070 55687 90765 62632 83330 20399
963 14
83252 37402 6568 52089 72532 80121 83507 1039 28885 91036 30255 82597 98800 75948
3152 13
50598 10849 10018 1180 41727 23592 5805 15826 84410 48423 98260 22019 44714
2362 15
97818 22806 38353 53428 93035 36651 14853 2097 87158 77336 60505 83727 97700 44309 79951
2359 15
19053 78319 28632 85810 12451 52615 83803 63497 14067 55889 98686 9508 60259 30503 20678
1567 16
45013 7603 80511 81452 40911 11997 96641 59192 10185 1703 2279 4065 1962 14983 41478 66855
2758 18
89943 66710 67451 47758 38386 27155 84309 44627 15829 16648 38595 26666 23044 1171 63492 9339 36947 96632
1438 20
65681 2534 42181 23290 97390 10044 93989 4492 78128 32566 1026 12833 8610 28131 71586 68407 81831 57769 2235 70205
1705 18
76267 69544 45330 28747 50406 55585 26647 22932 20589 27480 41700 5702 85721 10868 26430 29573 54074 60703
974 20
81697 29246 90806 44538 50200 75170 81788 59834 5647 18860 50584 36841 59541 52218 34577 8501 52876 18023 2107 95871
4630 20
84525 57171 82768 7100 48216 66660 47610 43959 79817 91356 94786 69243 7177 72945 368 67946 28823 84719 29479 54033
3963 14
8815 14372 40175 9198 38634 44899 85557 40951 86171 84695 5135 2032 46136 77271
3600 16
80757 17001 38005 54304 96605 43904 62350 44210 466 49115 63321 24969 14077 48929 88723 27540
4536 13
68234 47878 39683 28141 12889 68834 38760 43032 52835 25582 97767 96431 65777
2876 12
29366 14557 53580 42288 76590 92305 11362 69894 72468 93202 21898 28551
3478 19
87468 47361 67220 19603 88298 27194 14397 68600 82528 60296 56797 38160 75878 46573 50353 78047 87497 27823 84384
75 12
90752 72551 22522 28823 19632 43652 92243 43815 80304 45665 28878 65236
2032 15
65662 38220 30203 4790 98878 74328 24656 26930 13151 45084 91965 22799 37577 13168 38720
3045 13
60553 49107 58040 5849 59391 67923 68613 34 62891 39703 602 49542 56856
1265 15
86827 68475 74434 43649 19613 40536 16146 15495 72999 24675 62157 12384 6345 63830 23903
1520 11
32689 15181 333 25451 70041 63132 34585 24175 42209 34953 59509
837 16
37687 82321 43033 75340 77 33419 31301 61215 63424 17330 4961 8202 60181 21657 54275 51871
4367 16
44992 83811 72896 62775 17724 65627 17410 27337 83027 55056 92503 87161 21917 8973 69318 16329
2696 16
78073 93262 33783 86244 31059 12176 58010 17181 46459 2188 73130 63722 79995 50931 42258 45567
811 19
84120 18871 25691 32257 50881 33777 58470 68738 13093 7006 11148 60123 36628 87847 19254 43056 94207 66814 87977
1682 11
67791 78983 21978 95196 15285 3620 4814 53116 30759 64179 71806
1051 16
27340 41191 12699 12450 83452 70242 71613 65311 54663 58128 18833 97147 42308 40752 3680 61279
2014 16
895 50136 45155 11824 43259 78708 61722 4331 41020 40581 71397 10426 42773 67482 47527 76869
1544 15
8785 84168 91937 62433 39271 16649 37213 53034 50240 30370 25713 47926 67840 8966 29314
2960 16
45574 43250 45342 12111 86783 51282 34976 57689 55584 36144 87793 73536 81236 63754 50442 93223
4662 17
13801 37001 52840 43970 21831 84548 65523 80872 43931 57780 54332 97067 81664 33622 69919 24376 37350
944 18
56522 19856 37178 3662 76846 96608 8566 65507 37072 38539 77768 58278 1692 73488 59276 90983 73974 45558
4991 13
65955 29939 71099 32386 6206 8806 99227 11289 40319 65617 52266 94539 12143
1550 17
68279 40400 95024 39689 76247 38858 55633 96794 3571 32205 53781 18735 27391 9830 46278 33528 94711
2090 19
27621 47970 88459 22846 63277 61251 37175 67504 70369 98966 90703 44806 91356 89226 64158 40120 37520 66998 21720
3341 18
61578 80494 42174 11400 30818 62089 614 19926 61688 55798 84092 15669 39459 81724 65727 53361 94173 49809
2731 15
29909 27455 81787 80896 95506 86934 150 83470 26358 26107 34970 94610 40647 66571 64858
3795 10
28233 93681 63779 560 72062 16388 3783 73797 80409 7354
1846 14
33501 96310 45443 88545 90456 1576 96807 59613 48915 76664 18047 68503 71831 46687
1398 10
76576 71515 19404 53546 62751 68616 103 75665 99371 71375
4418 19
80276 39182 86946 19468 86187 76399 13175 41108 22534 29282 60606 66886 67755 23067 8449 33205 74273 19681 57803
2553 12
38815 88672 42035 6312 35291 77650 73659 13629 85917 90329 97637 90128
1412 20
95001 37952 16953 48450 758 6274 3804 22126 80257 20562 89466 88743 28802 84700 12127 52786 25377 59640 91297 15775
728 11
44705 99924 71880 5940 17456 5031 71631 20376 57477 70282 13816
3767 12
93034 88197 48637 34176 81517 63332 1089 40631 32577 78158 30125 85214
4416 18
42419 2452 74895 6304 89128 15752 30739 52954 24001 45290 12644 41730 10018 12537 91576 88200 24180 89933
599 19
77874 23800 86730 78333 20019 84613 91700 70241 2772 56373 12746 87928 65840 95277 77534 25834 11155 89722 87674
992 16
61062 34783 87036 98770 97559 96724 81467 88866 85969 72826 64705 59591 15834 99374 58804 78950
988 12
82782 680 44001 30576 51099 6369 60135 25124 79548 63674 5653 94636
1397 19
29597 73566 56640 95221 13136 66665 17529 92248 65433 62582 80506 50055 18788 45733 36689 83582 1422 11232 14265
3490 17
63597 9042 9197 28574 36562 26137 26325 25948 47025 38819 523 73667 90057 53819 28515 42799 16656
543 17
37868 27322 41736 44293 80110 38004 58559 4937 79899 5696 46146 725 19853 64299 31781 12440 46859
4144 14
53109 37344 24065 39404 45036 68020 75399 22877 61793 39049 28661 82676 62863 25841
3725 17
34481 56424 17487 7157 41252 80533 36733 54085 32565 36373 46234 2746 74399 85083 35324 96589 65302
2708 20
74184 82422 56282 57484 43114 39506 37677 58419 96343 42940 96552 64931 73774 83932 75651 14008 46311 34517 28024 14779
1668 19
71723 9362 17657 44718 77181 45921 24030 54122 97548 80410 77215 46296 58743 36335 67446 88494 21420 40392 55783
2183 11
28341 80739 38033 88653 97653 98029 28438 12011 74710 32379 26920
553 13
68602 17475 99737 86338 11263 85293 4588 41198 92964 47859 24031 94079 14976
2770 13
79297 65761 38940 82834 31747 26100 59207 71010 70380 90269 39826 81100 29312
949 20
22710 46937 96095 8189 27370 29480 86022 34020 99103 75318 16433 85340 51721 66774 44036 81237 70208 83829 85625 35429
1345 10
94509 52360 42322 51800 82341 88362 23559 91428 59885 31986
197 19
60766 66822 97230 90359 55961 44601 27485 59236 10421 91460 80152 38155 38453 24851 47884 28875 66394 15815 63467
428 13
32829 57126 53465 57072 72723 17920 15024 53124 82063 70490 59948 7788 51815
3962 13
83948 74529 65945 20353 62747 80896 72827 25172 20584 29084 84159 57824 97899
2222 18
34229 12172 73781 96638 86356 71598 50142 50365 58117 35595 85718 14026 56082 91389 52052 80824 99039 6515
1367 19
16532 66062 36998 91069 82433 84147 47353 86150 38559 11608 98276 9091 45539 75717 51336 13827 15715 22765 46282
3169 20
27517 55535 88523 51699 97013 83548 28600 45464 27591 91815 68833 21488 14258 21040 47381 81404 39686 61712 32833 50325
1439 13
30878 84358 35447 17392 28094 7234 13653 12247 38152 31219 69417 61588 67424
472 18
16126 88651 94093 30478 12303 30619 80323 6114 31706 85636 57381 9276 4297 72355 25230 6330 32042 38885
3103 20
33283 87541 19581 24362 66861 34091 13378 2609 29529 52451 84817 61016 15670 42284 84707 58485 26361 55734 62969 85661
3884 11
29028 33648 79821 13120 12359 16854 63567 35026 67465 48650 48563
283 16
80348 97389 17747 42973 97229 34533 2751 17523 89784 66568 20758 53977 48462 41323 37540 69277
1607 16
60495 23959 87257 29091 2940 68468 37890 81391 45009 55616 57912 47477 73408 55900 98726 73555
2046 11
61720 54706 61705 66633 70810 2182 96894 14743 55057 42330 12494
1147 15
65427 51658 15800 64382 5677 91386 61399 4463 78191 60608 69938 93125 45329 5415 17399
3489 18
99681 83232 24554 82766 37269 27476 97097 86806 14678 63797 18276 84869 69623 26224 94477 6310 4275 67217
2474 13
12524 28148 4889 22946 49431 25225 23556 52344 26849 2000 41840 42991 76969
3391 15
8278 58357 83840 90087 85516 35485 12422 15023 16084 12530 91595 43068 37570 86483 46689
4987 15
41791 24986 92545 98236 10586 19561 21565 82912 25111 97016 85808 76805 83561 77044 55427
2639 18
81919 3875 23787 72113 22156 58246 67181 70762 12526 36736 93628 28487 62657 60939 86759 97056 38014 96447
1807 20
88738 88360 86753 48294 92886 93474 94259 89163 7847 60598 49334 63275 39933 55560 77216 8010 90073 99187 74681 97929
630 12
19257 81689 99705 25126 12850 23529 96602 74942 11154 13442 22262 98988
1559 13
52328 49428 90715 94008 91615 83093 51878 44809 32310 13735 57844 48838 21448
2560 19
61536 30532 42077 12033 57157 87694 54891 3919 47035 47585 46678 53012 36243 90653 34286 9355 50332 23625 98687
3164 12
7633 31190 49782 97316 67484 77109 72596 66562 32687 31033 61670 69313
4919 12
97559 19554 98753 82160 89104 24316 76319 74860 92830 60469 6006 30015
3170 17
53218 43906 66479 91552 41160 75402 45650 64746 45784 61275 3822 24983 43222 25875 88786 22739 38462
928 15
46933 28109 507 63385 66655 14961 28534 89887 30920 919 81869 43078 488 20221 16047
1762 16
2787 63216 19368 60651 96572 74665 36263 6130 37863 55553 9439 4231 35379 4964 32857 9533
1556 19
30508 39198 10303 40897 82565 6231 26954 27036 67871 99500 74855 94060 91670 31645 53033 19297 16757 18307 70486
3691 20
72906 27638 11485 66869 79731 41646 27344 74814 10688 97037 20903 25828 43392 2121 14220 74413 31459 9338 65137 6374
4863 20
99144 89245 84737 14433 45500 16770 62723 15612 45776 7020 95228 55508 23304 21759 88676 99373 46266 83980 2632 79209
3383 19
8105 88326 10833 77159 8050 39015 671 72027 75276 79658 55303 30985 36904 16736 26786 90489 28849 62133 11404
3250 19
3942 64919 85404 74616 83947 2956 18470 13094 53961 41381 30398 15285 84792 82689 37840 86017 24436 58421 87903
2218 12
652 30564 72893 48324 12836 69555 57756 3024 82950 72808 28839 13093
2540 16
39125 99683 41233 37287 73872 65705 86368 94656 4729 89034 31212 7864 5507 84851 55414 91855
1824 17
8572 24816 72932 60722 15316 29019 30186 81351 63962 80885 33502 65226 22845 93300 46666 59120 18005
2316 17
85623 57368 86564 4131 65992 12222 70233 80495 31389 95291 37282 47355 11329 66413 72006 79380 17859
1378 18
96525 69497 76664 54234 13891 73543 831 49120 59220 60280 99042 20750 87112 23194 63363 97441 36275 74283
2671 12
20662 15463 50145 82516 44181 80477 37061 14101 35286 8859 14228 90416
301 11
32502 61545 27535 43797 79443 51829 97823 97084 80619 59599 12478
4707 13
17278 51038 22690 32447 19297 43031 66824 26328 95990 85339 52851 60478 61388
427 11
50193 97772 44066 43303 98000 40282 75089 92463 77656 99282 77837
579 10
45252 40520 49017 62224 42065 67171 12219 75165 71023 66917
3437 10
77581 28689 33324 40649 68876 27826 4850 34182 95139 60974
1325 14
65793 12569 39053 50593 34972 45731 29431 22494 2146 26184 49607 14556 31296 465
1876 15
43177 47861 69212 36623 42203 59643 64029 32017 89753 73738 62546 36846 59688 46246 70547
4940 15
59598 47450 74758 42003 74729 63609 81404 7260 91130 43756 9872 12788 93594 62662 553
4011 16
19886 17556 71497 45199 64750 84344 27377 37512 93247 91863 25444 27333 91367 56544 62780 95834
4024 19
7872 62073 71113 67415 56000 85138 97843 71537 47185 74750 40333 61395 67597 70994 56147 88984 74278 25713 96867
4433 20
12864 53097 43036 51203 66206 46541 68362 29276 84020 51197 66372 19352 27731 54230 63561 64294 94976 10802 38711 23365
4842 14
78934 52704 9974 4365 25224 58294 92665 1231 51183 65477 97578 76119 33208 1211
2268 18
37530 53492 18519 46685 82754 17071 38861 99746 7877 35862 86866 49584 16826 45035 30371 78188 46809 16134
67 20
97315 8420 38474 29957 56251 13875 66461 96609 70823 17819 23088 19160 3776 43389 80138 43532 97380 78606 53171 10379
4642 18
98470 55167 83257 18398 37582 99962 58561 55036 87856 77400 96297 11046 28643 69737 57000 65693 55836 5820
1134 20
56195 73491 74091 97847 23881 25465 23150 86112 4977 99114 64372 54712 30164 75431 98053 56435 58042 98064 92712 20869
451 10
66191 46950 15961 55199 78636 94095 87307 62222 55813 15297
2662 20
40153 53561 31580 8780 1411 52404 14649 9764 33380 74261 32010 63189 85479 17141 45575 57077 47660 93311 87757 37215
3810 14
87315 52082 32172 60123 22372 31656 80514 15569 38226 75686 89826 50615 61650 38118
3123 17
13231 69906 88004 91522 66428 16148 9875 37330 93947 85511 21875 89390 65361 22255 79511 16604 19238
25 13
28562 87786 97951 26816 60620 69060 16523 79583 31263 8959 14449 87370 5898
3145 18
37118 75249 43228 96033 24891 8138 37013 38087 56520 67669 21898 92592 18558 1539 82833 56795 9298 18257
560 16
81657 44992 31826 13308 41064 18659 51380 6850 87742 43582 50900 72904 81791 15010 7354 494
1541 12
11071 33129 50924 78420 66921 79029 36213 29962 52855 78308 86216 34350
4296 14
84356 41940 99217 5238 51102 48371 50806 35221 10096 58130 60014 72608 14114 45290
4322 13
34128 36829 65295 19106 71686 93830 28841 66566 89766 39247 54195 52044 67334
1951 18
67655 85838 39705 55753 77300 33701 49707 59554 18919 66316 41440 81217 98337 98783 83299 88141 83788 94659
4359 10
42468 2302 18416 14621 25459 97827 30486 44374 88920 43800
2766 15
84355 29003 63970 49417 362 83218 25862 17508 67435 75043 64813 95311 8959 87284 98781
290 14
97713 35459 55135 21136 91328 16298 91032 59035 97769 75750 26169 23235 99901 59417
2184 17
36428 13934 3248 86864 84164 92225 55339 66110 56306 67940 38195 9013 94525 35277 4564 93282 42089
3654 18
25653 55971 99153 41612 24886 42499 16099 2604 29642 48247 46833 29961 41723 29744 93975 86185 40369 26992
3695 17
17974 13845 97281 1600 64040 58179 34586 13382 88073 17401 61004 50016 73237 84795 62725 6476 21438
2098 16
90714 54257 52591 96341 17562 3598 67487 44220 48008 81133 66021 85743 26588 26209 11875 1994
3553 10
18201 56077 10148 77845 34662 85269 17902 64438 5665 50288
4240 15
84070 28790 42792 51025 51006 13786 64143 32396 4251 3155 36846 94630 13144 23083 27639
3575 19
90036 141 12450 47007 13730 23965 9800 41173 26319 18291 87913 91824 45751 43838 25555 3658 417 25939 66158
1791 14
67833 61782 68321 34926 10839 15044 54067 8675 52678 14746 86130 59022 56041 50869
309 14
79531 17401 51725 43885 65057 35295 9524 84177 88030 19890 73142 60152 85953 32493
2236 16
80946 69618 93004 31343 95706 39620 60291 45872 94236 25362 25116 12799 26994 24184 16931 58895
1008 18
51508 78428 27777 56557 52669 96445 57938 65480 31576 16964 13092 95842 27054 78515 49419 84098 46188 2818
